14 0.2515625 0.0984375 0.22734375 0.196875
14 0.55390625 0.22109375 0.246875 0.265625
14 0.815625 0.12734375 0.290625 0.2546875
14 0.82109375 0.471875 0.2546875 0.23046875
14 0.47421875 0.49765625 0.26953125 0.30234375
14 0.51015625 0.80625 0.24375 0.24140625
14 0.87421875 0.81953125 0.2515625 0.20859375
14 0.0875 0.52890625 0.153125 0.3453125
14 0.278125 0.5765625 0.1859375 0.2609375
14 0.2359375 0.31953125 0.16015625 0.184375
14 0.18359375 0.80234375 0.2203125 0.28671875
14 0.07265625 0.15703125 0.1390625 0.29609375