14 0.89921875 0.5546875 0.20078125 0.53046875
14 0.46484375 0.31171875 0.1546875 0.27421875
14 0.6234375 0.14296875 0.19296875 0.2859375
14 0.5515625 0.7953125 0.17734375 0.24453125
14 0.61640625 0.5515625 0.2 0.29453125
14 0.62265625 0.34140625 0.18046875 0.25546875
14 0.87265625 0.27734375 0.203125 0.32109375
14 0.93046875 0.196875 0.1390625 0.3734375
14 0.2234375 0.35390625 0.3109375 0.68671875
14 0.3046875 0.87109375 0.253125 0.2578125
14 0.33125 0.55703125 0.13828125 0.36328125
14 0.42890625 0.5296875 0.246875 0.52734375
14 0.5359375 0.921875 0.2265625 0.15625
14 0.078125 0.22890625 0.15625 0.4578125
14 0.125 0.753125 0.24296875 0.49375
14 0.825 0.2203125 0.20390625 0.42890625
14 0.8265625 0.8359375 0.346875 0.32734375