14 0.1375 0.678125 0.11796875 0.25
14 0.4359375 0.74296875 0.13984375 0.37109375
14 0.5671875 0.734375 0.1609375 0.41953125
14 0.83984375 0.725 0.29296875 0.41796875
14 0.83359375 0.24140625 0.32265625 0.44140625
14 0.50078125 0.321875 0.13984375 0.2359375
14 0.5546875 0.1609375 0.11484375 0.19921875
14 0.4078125 0.1890625 0.13359375 0.26015625
14 0.59765625 0.28125 0.11640625 0.23125
14 0.28046875 0.68671875 0.10234375 0.23125
14 0.203125 0.81640625 0.09765625 0.2078125
14 0.0640625 0.78515625 0.1046875 0.22734375
14 0.24140625 0.2765625 0.1578125 0.353125
14 0.121875 0.27265625 0.19765625 0.35390625