14 0.4234375 0.2984375 0.1453125 0.19296875
14 0.6140625 0.05078125 0.08125 0.1015625
14 0.64609375 0.3796875 0.1171875 0.2515625
14 0.3546875 0.6203125 0.3265625 0.33671875
14 0.72109375 0.58203125 0.18203125 0.21171875
14 0.53984375 0.77421875 0.3046875 0.22890625
14 0.94453125 0.7421875 0.1109375 0.3015625
14 0.79609375 0.7609375 0.2265625 0.23515625
14 0.89453125 0.2953125 0.12421875 0.22734375
14 0.9453125 0.115625 0.109375 0.23125
14 0.9734375 0.3640625 0.053125 0.24296875
14 0.34765625 0.11875 0.2046875 0.2296875
14 0.20546875 0.40078125 0.26015625 0.28515625
14 0.11953125 0.1203125 0.2390625 0.240625
14 0.06015625 0.3953125 0.11328125 0.33828125
14 0.109375 0.7265625 0.21875 0.33515625
14 0.51953125 0.2625 0.1484375 0.51328125
14 0.77734375 0.0765625 0.259375 0.14140625
14 0.73203125 0.2125 0.24921875 0.2078125
14 0.8375 0.47890625 0.26171875 0.325