14 0.49765625 0.1890625 0.13125 0.2203125
14 0.7890625 0.134375 0.1640625 0.26796875
14 0.90703125 0.61640625 0.1859375 0.215625
14 0.69453125 0.20390625 0.125 0.09609375
14 0.2515625 0.603125 0.16640625 0.18125
14 0.2765625 0.38984375 0.146875 0.25
14 0.1875 0.325 0.13359375 0.23359375
14 0.27421875 0.22109375 0.228125 0.325
14 0.38046875 0.76484375 0.15234375 0.19921875
14 0.2640625 0.6140625 0.21484375 0.2328125
14 0.59375 0.7796875 0.30078125 0.43359375
14 0.8578125 0.7671875 0.28359375 0.46171875
14 0.0984375 0.49609375 0.196875 0.2109375
14 0.0796875 0.2375 0.159375 0.421875
14 0.14765625 0.87578125 0.19609375 0.2265625
14 0.1171875 0.63828125 0.2234375 0.29609375
14 0.578125 0.45546875 0.41171875 0.38125
14 0.61171875 0.12890625 0.1640625 0.2578125
14 0.90703125 0.23984375 0.1859375 0.4796875
14 0.5234375 0.440625 0.246875 0.27734375
14 0.38671875 0.825 0.45703125 0.34921875