12 0.1640625 0.159375 0.209375 0.15078125
12 0.4484375 0.21796875 0.21875 0.2296875
12 0.6171875 0.153125 0.1734375 0.2015625
12 0.596875 0.3921875 0.16484375 0.20078125
12 0.93515625 0.34921875 0.1296875 0.23203125
12 0.07421875 0.7765625 0.13671875 0.18046875
12 0.7859375 0.7453125 0.21171875 0.1890625
12 0.6015625 0.77421875 0.17421875 0.26875
12 0.440625 0.50546875 0.19609375 0.20078125
12 0.19453125 0.05859375 0.19296875 0.11640625
12 0.37890625 0.059375 0.184375 0.11875
12 0.12421875 0.2921875 0.1453125 0.14375
12 0.70078125 0.33671875 0.175 0.24453125
12 0.3703125 0.65234375 0.178125 0.21328125
12 0.290625 0.35390625 0.18125 0.2625
12 0.75390625 0.1953125 0.2265625 0.19765625
12 0.0640625 0.12734375 0.1203125 0.21640625
12 0.66953125 0.55625 0.19453125 0.25625
12 0.15703125 0.81640625 0.14375 0.23125
12 0.38984375 0.83125 0.2609375 0.23125
12 0.06171875 0.35859375 0.115625 0.1671875
12 0.3078125 0.509375 0.196875 0.2578125
12 0.7875 0.528125 0.203125 0.2296875
12 0.921875 0.475 0.15625 0.21953125
12 0.74765625 0.046875 0.5046875 0.09296875