14 0.56171875 0.54921875 0.2140625 0.31328125
14 0.43828125 0.41796875 0.1640625 0.25234375
14 0.30859375 0.3171875 0.1203125 0.1578125
14 0.40546875 0.2515625 0.11015625 0.19765625
14 0.49375 0.18515625 0.15390625 0.20859375
14 0.709375 0.40546875 0.1234375 0.20078125
14 0.80078125 0.64765625 0.1078125 0.153125
14 0.59921875 0.76953125 0.14453125 0.12265625
14 0.40234375 0.759375 0.115625 0.16171875
14 0.30703125 0.8203125 0.140625 0.20078125
14 0.19453125 0.82578125 0.12734375 0.171875
14 0.29609375 0.6 0.3 0.20703125
14 0.2265625 0.45234375 0.17265625 0.33359375
14 0.16328125 0.1421875 0.13046875 0.2203125
14 0.328125 0.13046875 0.19453125 0.2609375
14 0.64765625 0.0984375 0.253125 0.19609375
14 0.896875 0.19609375 0.20625 0.3921875
14 0.05625 0.10390625 0.0984375 0.1953125
14 0.084375 0.36640625 0.16875 0.29609375
14 0.0875 0.703125 0.16171875 0.38671875
14 0.7359375 0.75625 0.19453125 0.334375
14 0.884375 0.53125 0.23125 0.321875
14 0.8828125 0.76171875 0.234375 0.32109375
14 0.6359375 0.27265625 0.290625 0.23984375