14 0.215625 0.29140625 0.12109375 0.2671875
14 0.57734375 0.2375 0.1734375 0.25234375
14 0.421875 0.2796875 0.17890625 0.175
14 0.75078125 0.27265625 0.21328125 0.18125
14 0.5515625 0.140625 0.2328125 0.27734375
14 0.41015625 0.603125 0.25234375 0.25078125
14 0.85625 0.64140625 0.21484375 0.29453125
14 0.90078125 0.38671875 0.1984375 0.2765625
14 0.565625 0.47734375 0.2109375 0.29140625
14 0.58046875 0.80234375 0.17734375 0.25703125
14 0.7734375 0.790625 0.22421875 0.41875
14 0.42109375 0.875 0.2171875 0.25
14 0.2640625 0.86328125 0.13828125 0.2734375
14 0.1703125 0.609375 0.10546875 0.23046875
14 0.1015625 0.3484375 0.20234375 0.45859375
14 0.21796875 0.0953125 0.4359375 0.190625
14 0.096875 0.79453125 0.1828125 0.4109375
14 0.834375 0.1390625 0.33125 0.22421875