14 0.54140625 0.40234375 0.11171875 0.29140625
14 0.7921875 0.58125 0.1703125 0.34921875
14 0.875 0.3578125 0.19140625 0.37890625
14 0.78515625 0.38046875 0.12734375 0.21484375
14 0.6765625 0.4234375 0.153125 0.33359375
14 0.52421875 0.73515625 0.146875 0.3078125
14 0.91796875 0.91171875 0.1640625 0.1765625
14 0.93828125 0.66015625 0.12265625 0.290625
14 0.7546875 0.90859375 0.11875 0.1828125
14 0.640625 0.86953125 0.196875 0.2609375
14 0.40625 0.740625 0.2125 0.51875
14 0.41796875 0.34296875 0.16015625 0.30859375
14 0.58671875 0.20546875 0.21640625 0.28046875
14 0.86328125 0.18125 0.2734375 0.278125
14 0.1984375 0.48046875 0.2109375 0.2390625
14 0.15859375 0.840625 0.27578125 0.31875
14 0.3234375 0.42421875 0.16875 0.24453125