14 0.55 0.43046875 0.15546875 0.3234375
14 0.44453125 0.63828125 0.128125 0.39375
14 0.8265625 0.5984375 0.25078125 0.47109375
14 0.76328125 0.2796875 0.21640625 0.3375
14 0.56953125 0.8296875 0.225 0.325
14 0.2953125 0.83046875 0.26328125 0.3390625
14 0.196875 0.5046875 0.24453125 0.50078125
14 0.4109375 0.2546875 0.15546875 0.50078125
14 0.5921875 0.21015625 0.12734375 0.3625
14 0.9265625 0.6625 0.146875 0.403125
14 0.85078125 0.9296875 0.29765625 0.13984375
14 0.921875 0.271875 0.15625 0.43125