14 0.484375 0.15078125 0.14140625 0.18515625
14 0.90703125 0.63671875 0.1453125 0.2640625
14 0.76015625 0.5203125 0.284375 0.253125
14 0.81875 0.2625 0.17421875 0.31171875
14 0.63359375 0.2859375 0.23984375 0.2625
14 0.35703125 0.21875 0.18046875 0.225
14 0.2296875 0.5828125 0.20703125 0.2328125
14 0.45546875 0.67421875 0.21953125 0.2484375
14 0.53671875 0.43984375 0.190625 0.2
14 0.728125 0.528125 0.16953125 0.296875
14 0.89375 0.6078125 0.1484375 0.2578125
14 0.78984375 0.85390625 0.17421875 0.24375
14 0.51875 0.8234375 0.1625 0.2375
14 0.409375 0.91953125 0.153125 0.1609375
14 0.13671875 0.85234375 0.140625 0.2953125
14 0.2203125 0.33515625 0.21796875 0.37421875
14 0.071875 0.3484375 0.13359375 0.44609375
14 0.203125 0.0875 0.39765625 0.175
14 0.771875 0.11953125 0.45546875 0.2390625
14 0.08125 0.76015625 0.1625 0.403125
14 0.296875 0.85234375 0.17734375 0.2953125
14 0.66328125 0.81796875 0.1484375 0.3640625
14 0.9421875 0.86484375 0.115625 0.2703125