14 0.56015625 0.55859375 0.2453125 0.26796875
14 0.27734375 0.29765625 0.1125 0.24921875
14 0.771875 0.45390625 0.1140625 0.2234375
14 0.6109375 0.24609375 0.1140625 0.15
14 0.328125 0.2125 0.16640625 0.18984375
14 0.93203125 0.671875 0.1359375 0.32578125
14 0.22421875 0.5 0.17890625 0.2
14 0.57421875 0.90390625 0.2515625 0.1921875
14 0.0875 0.2671875 0.17421875 0.25859375
14 0.47421875 0.31640625 0.21328125 0.2859375
14 0.1421875 0.64453125 0.275 0.484375
14 0.40703125 0.6328125 0.146875 0.4296875
14 0.86796875 0.3203125 0.2640625 0.48984375
14 0.6625 0.36875 0.12421875 0.19140625
14 0.80703125 0.6859375 0.20859375 0.21640625