14 0.690625 0.49765625 0.30625 0.184375
14 0.67734375 0.2828125 0.2296875 0.2046875
14 0.7828125 0.128125 0.196875 0.18046875
14 0.92578125 0.37265625 0.1484375 0.2109375
14 0.9046875 0.74296875 0.190625 0.2046875
14 0.81640625 0.853125 0.22578125 0.2125
14 0.62578125 0.65 0.3765625 0.2828125
14 0.2859375 0.6421875 0.26171875 0.20390625
14 0.31796875 0.46015625 0.3203125 0.25703125
14 0.234375 0.24296875 0.240625 0.16875
14 0.20390625 0.08203125 0.2984375 0.1640625
14 0.5 0.5046875 1 0.90703125
14 0.37265625 0.83828125 0.5953125 0.23046875
14 0.21953125 0.546875 0.4390625 0.3
14 0.4453125 0.2234375 0.3203125 0.2921875