14 0.18125 0.26328125 0.14296875 0.18984375
14 0.53125 0.1515625 0.209375 0.17734375
14 0.440625 0.56796875 0.19375 0.21640625
14 0.5421875 0.4453125 0.20078125 0.25546875
14 0.815625 0.290625 0.1640625 0.26875
14 0.73125 0.50859375 0.14765625 0.2328125
14 0.9046875 0.58671875 0.14375 0.2296875
14 0.9296875 0.18984375 0.140625 0.321875
14 0.31953125 0.10078125 0.15625 0.20078125
14 0.25390625 0.56484375 0.21171875 0.18984375
14 0.12734375 0.784375 0.15390625 0.2484375
14 0.3796875 0.821875 0.24453125 0.20390625
14 0.7921875 0.80703125 0.23828125 0.23515625
14 0.9390625 0.74375 0.12109375 0.36328125
14 0.0765625 0.2875 0.153125 0.4109375
14 0.09296875 0.58046875 0.1859375 0.1890625
14 0.14296875 0.1 0.25234375 0.2
14 0.3296875 0.36171875 0.271875 0.29609375
14 0.7203125 0.19375 0.32265625 0.375