14 0.18046875 0.3296875 0.1890625 0.33203125
14 0.59140625 0.3125 0.1859375 0.3015625
14 0.8234375 0.32734375 0.16796875 0.26171875
14 0.7875 0.12734375 0.190625 0.25390625
14 0.621875 0.14453125 0.14375 0.16328125
14 0.4359375 0.6609375 0.15859375 0.221875
14 0.5765625 0.51875 0.20234375 0.225
14 0.90390625 0.60078125 0.17265625 0.2296875
14 0.809375 0.27578125 0.19296875 0.2359375
14 0.3296875 0.2265625 0.26640625 0.2390625
14 0.1484375 0.8375 0.159375 0.2578125
14 0.80703125 0.85234375 0.20859375 0.25625
14 0.45625 0.6328125 0.184375 0.20546875
14 0.23671875 0.59453125 0.20078125 0.20546875
14 0.41171875 0.890625 0.23125 0.21875
14 0.84921875 0.8578125 0.3015625 0.284375
14 0.621875 0.80859375 0.16015625 0.3828125
14 0.08046875 0.5 0.16015625 1
14 0.440625 0.07890625 0.53359375 0.14140625
14 0.7578125 0.57109375 0.1828125 0.37265625
14 0.94765625 0.18984375 0.1046875 0.3796875