14 0.05703125 0.109375 0.1140625 0.2140625
14 0.215625 0.0984375 0.1328125 0.1546875
14 0.46796875 0.21796875 0.2453125 0.271875
14 0.5549999999999999 0 0.53 0.034999999999999996 0.52 0.08499999999999999 0.55 0.145 0.595 0.18 0.63 0.175 0.71 0.16499999999999998 0.71 0.095 0.72 0.08499999999999999 0.7150000000000001 0 0.5549999999999999 0
14 0.89 0.10500000000000001 0.89 0.08499999999999999 0.86 0.05500000000000001 0.86 0.045 0.825 0.01 0.795 0.01 0.73 0.065 0.73 0.08499999999999999 0.72 0.095 0.72 0.145 0.73 0.155 0.73 0.185 0.74 0.205 0.775 0.24 0.795 0.25 0.8300000000000001 0.24500000000000002 0.89 0.175 0.9 0.155 0.9 0.11499999999999999 0.89 0.10500000000000001
14 0.79 0.265 0.705 0.18 0.6849999999999999 0.16999999999999998 0.655 0.16999999999999998 0.615 0.19 0.6 0.205 0.6 0.305 0.58 0.335 0.58 0.375 0.615 0.41 0.745 0.4 0.775 0.42000000000000004 0.78 0.41500000000000004 0.8 0.385 0.8 0.305 0.79 0.29500000000000004 0.79 0.265
14 0.29500000000000004 0.27 0.215 0.22999999999999998 0.185 0.2 0.155 0.2 0.135 0.21000000000000002 0.09 0.255 0.08 0.29500000000000004 0.06999999999999999 0.305 0.06999999999999999 0.355 0.08 0.365 0.08 0.395 0.1 0.41500000000000004 0.12 0.45499999999999996 0.185 0.5 0.205 0.5 0.215 0.49000000000000005 0.255 0.49000000000000005 0.265 0.5 0.31 0.495 0.37 0.445 0.37 0.365 0.36 0.34500000000000003 0.29500000000000004 0.27
14 0 0.725 0.05 0.725 0.095 0.72 0.2 0.625 0.195 0.52 0.175 0.52 0.155 0.5 0.11499999999999999 0.49000000000000005 0.10500000000000001 0.48 0.045 0.48 0.034999999999999996 0.49000000000000005 0 0.495 0 0.725
14 0.62 0.545 0.61 0.5349999999999999 0.62 0.43499999999999994 0.585 0.41 0.515 0.42000000000000004 0.475 0.44000000000000006 0.45 0.465 0.45 0.475 0.42000000000000004 0.495 0.41 0.515 0.41 0.625 0.44000000000000006 0.665 0.44000000000000006 0.675 0.485 0.71 0.55 0.705 0.5650000000000001 0.6900000000000001 0.575 0.6900000000000001 0.62 0.635 0.62 0.545
14 0.41 0.505 0.375 0.47000000000000003 0.335 0.48 0.305 0.51 0.28500000000000003 0.51 0.275 0.5 0.23500000000000001 0.5 0.21000000000000002 0.525 0.21000000000000002 0.575 0.22000000000000003 0.595 0.265 0.64 0.35 0.635 0.365 0.62 0.4 0.605 0.4 0.525 0.41 0.505
14 0.32999999999999996 0.6950000000000001 0.275 0.65 0.205 0.65 0.195 0.6599999999999999 0.175 0.6599999999999999 0.12 0.7150000000000001 0.11000000000000001 0.735 0.11000000000000001 0.755 0.13 0.775 0.13 0.795 0.175 0.8400000000000001 0.205 0.8400000000000001 0.215 0.85 0.29 0.845 0.305 0.8400000000000001 0.33999999999999997 0.795 0.33999999999999997 0.7150000000000001 0.32999999999999996 0.6950000000000001
14 0.13999999999999999 0.8949999999999999 0.15 0.885 0.15 0.835 0.08499999999999999 0.75 0.065 0.74 0.005 0.74 0 0.9949999999999999 0.08 0.9949999999999999 0.08 0.985 0.12 0.9550000000000001 0.13999999999999999 0.915 0.13999999999999999 0.8949999999999999
14 0.2765625 0.92421875 0.2 0.1515625
14 0.5251028 0.825201140625 0.5351028 0.785201140625 0.5451028 0.775201140625 0.5451028 0.735201140625 0.5201028 0.710201140625 0.4901028 0.710201140625 0.45010279999999997 0.6902011406249999 0.43010279999999995 0.6702011406249999 0.3901028 0.680201140625 0.3451028 0.7252011406250001 0.3451028 0.7952011406249999 0.3351028 0.8052011406249999 0.3351028 0.845201140625 0.3451028 0.8652011406250001 0.3901028 0.900201140625 0.4151028 0.895201140625 0.4201028 0.8802011406249999 0.4701028 0.8802011406249999 0.4901028 0.870201140625 0.5251028 0.825201140625
14 0.655 0.86 0.615 0.8400000000000001 0.595 0.8400000000000001 0.585 0.85 0.545 0.85 0.45999999999999996 0.925 0.465 1 0.72 0.9949999999999999 0.72 0.925 0.7 0.885 0.675 0.86 0.655 0.86
14 0.705 0.64 0.6950000000000001 0.63 0.675 0.63 0.665 0.64 0.625 0.65 0.5599999999999999 0.705 0.55 0.725 0.55 0.825 0.575 0.8300000000000001 0.585 0.8400000000000001 0.7 0.835 0.8 0.745 0.8 0.6950000000000001 0.745 0.64 0.705 0.64
14 0.885 0.41 0.875 0.42000000000000004 0.835 0.43 0.8 0.475 0.8 0.525 0.8099999999999999 0.5349999999999999 0.8099999999999999 0.625 0.8550000000000001 0.63 0.865 0.64 0.8949999999999999 0.64 0.905 0.65 0.9400000000000001 0.645 0.975 0.64 1 0.625 0.9949999999999999 0.41 0.885 0.41
14 0.8 0.495 0.79 0.485 0.78 0.43499999999999994 0.755 0.41 0.735 0.4 0.6950000000000001 0.4 0.6849999999999999 0.41 0.665 0.41 0.64 0.43499999999999994 0.62 0.475 0.62 0.545 0.63 0.5549999999999999 0.63 0.575 0.655 0.61 0.675 0.62 0.705 0.62 0.7150000000000001 0.63 0.74 0.625 0.76 0.615 0.76 0.605 0.8 0.5549999999999999 0.8 0.495
14 0.95 0.875 0.9400000000000001 0.825 0.905 0.79 0.865 0.77 0.795 0.77 0.74 0.8150000000000001 0.71 0.875 0.72 0.885 0.73 0.9349999999999999 0.745 0.95 0.7849999999999999 0.96 0.795 0.97 0.8550000000000001 0.97 0.885 0.99 0.8949999999999999 0.9800000000000001 0.925 0.9800000000000001 0.9349999999999999 0.97 0.9550000000000001 0.99 0.96 0.985 0.95 0.9650000000000001 0.96 0.9550000000000001 0.96 0.885 0.95 0.875
14 0.545 0.41 0.575 0.41 0.58 0.395 0.5700000000000001 0.375 0.545 0.36 0.495 0.36 0.41500000000000004 0.31 0.395 0.32 0.365 0.32 0.36 0.34500000000000003 0.38 0.375 0.38 0.45499999999999996 0.41500000000000004 0.49000000000000005 0.43 0.485 0.485 0.43 0.505 0.42000000000000004 0.5349999999999999 0.42000000000000004 0.545 0.41
14 0.9949999999999999 0.24 0.9650000000000001 0.24 0.9550000000000001 0.25 0.9349999999999999 0.25 0.8949999999999999 0.27 0.8099999999999999 0.275 0.8 0.29500000000000004 0.8 0.40499999999999997 0.8150000000000001 0.42000000000000004 0.86 0.41500000000000004 0.8949999999999999 0.41 0.905 0.4 1 0.395 0.9949999999999999 0.24