14 0.4796875 0.39765625 0.2671875 0.3515625
14 0.68203125 0.13046875 0.340625 0.2609375
14 0.46875 0.14296875 0.228125 0.2828125
14 0.2515625 0.17421875 0.25 0.340625
14 0.34609375 0.74453125 0.23515625 0.33828125
14 0.5984375 0.56015625 0.28203125 0.4265625
14 0.859375 0.559375 0.15078125 0.3203125
14 0.91796875 0.3453125 0.1640625 0.20625
14 0.94375 0.74140625 0.1125 0.3609375
14 0.80390625 0.74609375 0.2296875 0.3890625
14 0.625 0.84453125 0.3875 0.13359375
14 0.08515625 0.15 0.1671875 0.2953125
14 0.15078125 0.49921875 0.3015625 0.3515625
14 0.15703125 0.7609375 0.3140625 0.3375
14 0.90703125 0.14609375 0.1859375 0.2359375