14 0.20078125 0.1921875 0.1421875 0.20234375
14 0.3828125 0.2375 0.11875 0.140625
14 0.52578125 0.22734375 0.11328125 0.16484375
14 0.678125 0.3015625 0.10390625 0.14453125
14 0.83359375 0.1953125 0.115625 0.13359375
14 0.784375 0.390625 0.23359375 0.175
14 0.80390625 0.6546875 0.16796875 0.27734375
14 0.5625 0.75546875 0.31953125 0.18203125
14 0.6390625 0.56875 0.20546875 0.22109375
14 0.53359375 0.4203125 0.11015625 0.13515625
14 0.35703125 0.39609375 0.15078125 0.13515625
14 0.27578125 0.55546875 0.1546875 0.19140625
14 0.23671875 0.78671875 0.240625 0.2609375
14 0.4453125 0.58046875 0.17890625 0.2203125