14 0.18046875 0.21328125 0.24765625 0.3453125
14 0.5015625 0.23203125 0.31953125 0.421875
14 0.71484375 0.15234375 0.084375 0.259375
14 0.821875 0.12578125 0.11484375 0.2515625
14 0.76875 0.37265625 0.14921875 0.17265625
14 0.9390625 0.15234375 0.12109375 0.165625
14 0.940625 0.36640625 0.11875 0.184375
14 0.17265625 0.7296875 0.25859375 0.3875
14 0.403125 0.59453125 0.08828125 0.1609375
14 0.5 0.609375 0.10234375 0.1796875
14 0.60703125 0.625 0.08359375 0.18671875
14 0.5578125 0.82578125 0.08828125 0.22734375
14 0.440625 0.83125 0.109375 0.2546875
14 0.76796875 0.75625 0.153125 0.334375
14 0.92734375 0.72421875 0.1375 0.32734375