1 0.834681 0.365562 0.221570 0.211786
1 0.855196 0.470534 0.224306 0.219153
1 0.768346 0.449355 0.313207 0.246777
1 0.713638 0.395028 0.299530 0.186004
1 0.500274 0.152855 0.351504 0.246777
1 0.595330 0.123389 0.317311 0.220994
1 0.154241 0.302026 0.263970 0.246777
1 0.177492 0.260589 0.305001 0.171271
1 0.149454 0.178637 0.254396 0.187845
1 0.653458 0.748619 0.184642 0.300184
1 0.605588 0.733886 0.253028 0.289134
1 0.699960 0.780847 0.154552 0.349908
1 0.647987 0.785451 0.168229 0.348066
1 0.351876 0.531308 0.388432 0.255985
1 0.410004 0.564457 0.318678 0.337017
1 0.243142 0.690608 0.258499 0.364641
1 0.205530 0.726519 0.246189 0.451197
1 0.109106 0.726519 0.187377 0.451197