1 0.757892 0.462247 0.178950 0.250460
1 0.886076 0.591160 0.176412 0.305709
1 0.834041 0.811234 0.145952 0.340700
1 0.693799 0.847145 0.175143 0.220994
1 0.721086 0.638122 0.214487 0.410681
1 0.585922 0.655617 0.164990 0.419890
1 0.545943 0.824125 0.280483 0.233886
1 0.418394 0.635359 0.304596 0.423573
1 0.367627 0.582873 0.360439 0.362799
1 0.316227 0.881215 0.239870 0.130755
1 0.294017 0.614180 0.477201 0.370166
1 0.271806 0.520258 0.481009 0.355433
1 0.274345 0.344383 0.529236 0.165746
1 0.300362 0.230203 0.512737 0.228361
1 0.385396 0.125230 0.533044 0.246777