2 0.132314 0.511612 0.086436 0.190433
2 0.071144 0.666048 0.097074 0.155598
2 0.132314 0.765910 0.107713 0.164887
2 0.190824 0.621924 0.105053 0.178821
2 0.196809 0.400139 0.079787 0.162565
2 0.285239 0.452392 0.126330 0.197400
2 0.299867 0.645147 0.123670 0.206690
2 0.450133 0.258475 0.105053 0.157920
2 0.347739 0.350208 0.099734 0.160243
2 0.447473 0.619601 0.128989 0.229913
2 0.358378 0.835580 0.118351 0.239203
2 0.476729 0.840225 0.126330 0.215979
2 0.595745 0.631213 0.135638 0.197400
2 0.595080 0.827452 0.121011 0.204367
2 0.710771 0.797262 0.134309 0.204367
2 0.825798 0.793778 0.135638 0.188111
2 0.814495 0.590572 0.131649 0.199723
2 0.691489 0.398978 0.125000 0.197400
2 0.677527 0.246863 0.102394 0.167210
2 0.548537 0.454714 0.123670 0.178821
2 0.434840 0.432652 0.111702 0.190433
2 0.701463 0.590572 0.105053 0.227591
2 0.226729 0.806551 0.099734 0.204367
2 0.899601 0.693917 0.089096 0.211334